positive/1.jpg 1 90 32 225 300
positive/10.jpg 1 242 37 198 295
positive/100.jpg 4 36 57 192 271 194 67 121 191 325 74 61 104 175 67 66 142
positive/101.jpg 4 32 383 39 53 103 382 41 54 174 383 36 53 236 382 35 53
positive/102.jpg 6 192 274 103 155 230 258 55 119 250 236 55 113 275 223 48 98 296 205 24 67 309 196 25 63
positive/103.jpg 4 8 71 79 124 256 33 63 112 424 81 95 142 123 126 107 171
positive/104.jpg 6 275 23 173 321 60 84 111 200 122 67 138 232 246 85 109 206 225 107 68 174 198 125 49 142
positive/105.jpg 4 209 65 124 298 56 42 142 402 404 37 40 170 0 62 122 458
positive/106.jpg 1 6 30 87 57
positive/107.jpg 1 208 226 117 215
positive/108.jpg 1 49 31 305 554
positive/109.jpg 6 299 225 34 45 286 220 15 31 216 219 15 32 174 217 22 34 134 223 29 46 378 225 23 42
positive/11.jpg 4 301 13 103 192 218 15 94 155 407 18 100 236 174 3 18 46
positive/110.jpg 1 107 58 167 265
positive/111.jpg 1 0 14 151 260
positive/112.jpg 2 29 190 77 126 230 186 75 118
positive/113.jpg 2 57 210 40 66 168 209 38 63
positive/114.jpg 1 119 203 160 256
positive/115.jpg 7 386 236 53 80 460 236 46 82 146 209 29 52 192 220 22 46 22 192 20 32 39 195 20 35 171 215 26 48
positive/116.jpg 5 207 213 63 164 176 85 32 85 137 118 47 110 191 111 38 89 154 176 58 127
positive/117.jpg 3 78 32 86 155 173 89 78 175 257 29 69 134
positive/118.jpg 5 534 441 118 144 677 445 100 140 350 437 106 140 110 443 104 125 376 394 27 38
positive/119.jpg 2 71 201 58 102 110 197 37 79
positive/12.jpg 2 101 169 91 145 151 103 189 321
positive/120.jpg 2 258 212 55 97 460 199 45 91
positive/121.jpg 3 281 120 33 54 85 150 87 186 235 116 18 35
positive/122.jpg 1 145 376 43 67
positive/123.jpg 1 47 40 82 200
positive/124.jpg 1 125 259 102 138
positive/125.jpg 1 199 92 106 172
positive/126.jpg 1 12 26 306 451
positive/127.jpg 4 497 20 31 102 344 70 50 129 51 152 103 167 224 105 87 144
positive/128.jpg 1 66 49 231 412
positive/129.jpg 4 403 219 44 66 92 211 64 98 17 226 27 50 281 215 36 77
positive/13.jpg 4 32 62 75 122 91 78 82 141 159 92 100 181 231 126 147 242
positive/130.jpg 1 149 52 157 176
positive/131.jpg 1 114 40 138 320
positive/132.jpg 1 62 60 130 238
positive/133.jpg 1 65 7 277 393
positive/134.jpg 1 88 7 238 402
positive/135.jpg 2 323 84 118 126 162 136 108 164
positive/136.jpg 7 773 272 43 61 711 311 53 74 641 364 62 87 569 417 68 110 490 480 73 140 262 625 124 212 122 711 156 273
positive/137.jpg 2 351 96 139 199 277 101 88 159
positive/138.jpg 1 19 18 348 413
positive/139.jpg 4 275 243 61 136 225 262 79 198 6 247 57 132 37 263 62 183
positive/14.jpg 0
positive/140.jpg 1 187 163 125 224
positive/141.jpg 1 52 47 208 410
positive/142.jpg 1 146 289 44 79
positive/143.jpg 1 135 155 167 322
positive/144.jpg 3 159 177 38 70 204 136 6 10 180 138 9 20
positive/145.jpg 1 269 46 174 288
positive/146.jpg 1 86 119 249 389
positive/147.jpg 1 37 128 206 323
positive/148.jpg 0
positive/149.jpg 2 135 103 84 111 14 97 82 116
positive/15.jpg 2 383 163 65 98 180 41 179 245
positive/150.jpg 1 114 96 134 248
positive/151.jpg 2 243 34 44 88 203 87 64 128
positive/152.jpg 1 274 52 117 147
positive/153.jpg 3 422 152 32 55 342 153 29 52 95 168 66 145
positive/154.jpg 1 117 65 53 106
positive/155.jpg 3 293 70 109 187 395 77 83 185 0 59 83 202
positive/156.jpg 1 208 85 112 188
positive/157.jpg 0
positive/158.jpg 0
positive/159.jpg 6 53 245 97 212 175 187 58 127 232 150 37 85 259 136 28 66 279 129 18 48 292 130 11 33
positive/16.jpg 1 42 95 172 236
positive/160.jpg 1 149 7 110 153
positive/161.jpg 10 367 24 30 53 230 23 21 47 145 23 26 49 74 46 38 82 271 64 40 96 173 87 47 121 37 89 46 126 470 85 37 117 230 125 65 189 361 77 39 106
positive/162.jpg 8 14 252 37 79 102 251 40 77 186 247 39 77 268 249 32 74 230 248 34 76 142 251 44 76 56 252 45 79 297 247 40 75
positive/163.jpg 2 148 404 41 79 186 407 42 70
positive/164.jpg 1 198 134 136 277
positive/165.jpg 6 395 47 32 81 202 62 42 92 245 16 23 56 359 13 17 48 84 172 81 165 449 110 51 131
positive/166.jpg 1 269 35 133 208
positive/167.jpg 4 15 149 77 143 413 150 79 142 345 152 63 142 136 149 72 144
positive/168.jpg 1 316 420 119 228
positive/169.jpg 3 235 166 83 125 54 299 121 170 156 211 90 147
positive/17.jpg 1 60 4 238 492
positive/170.jpg 1 230 166 68 117
positive/171.jpg 0
positive/172.jpg 2 76 2 28 45 202 342 97 136
positive/173.jpg 2 67 52 58 87 417 42 53 92
positive/174.jpg 1 230 220 79 114
positive/175.jpg 2 99 208 169 232 47 21 219 169
positive/176.jpg 1 81 171 92 132
positive/177.jpg 1 349 312 306 414
positive/178.jpg 1 246 234 101 181
positive/179.jpg 7 147 25 50 71 39 80 66 92 193 201 90 131 376 50 46 76 249 9 41 61 355 163 78 118 394 110 63 100
positive/18.jpg 2 1 70 168 431 44 0 124 225
positive/180.jpg 1 20 208 136 272
positive/181.jpg 2 164 367 36 94 262 374 42 91
positive/182.jpg 1 172 36 122 243
positive/183.jpg 1 132 146 155 251
positive/184.jpg 0
positive/185.jpg 1 255 149 44 86
positive/186.jpg 1 152 199 136 228
positive/187.jpg 1 93 57 141 228
positive/188.jpg 1 64 31 224 424
positive/189.jpg 1 352 210 62 89
positive/19.jpg 3 83 44 152 267 166 53 58 134 207 58 40 87
positive/190.jpg 1 163 61 131 207
positive/191.jpg 1 258 200 56 128
positive/192.jpg 1 85 77 84 186
positive/193.jpg 1 115 49 95 227
positive/194.jpg 0
positive/195.jpg 1 126 98 112 162
positive/196.jpg 3 70 116 107 197 252 157 18 26 216 131 39 66
positive/197.jpg 1 193 64 94 193
positive/198.jpg 1 183 305 59 105
positive/199.jpg 0
positive/2.jpg 1 60 28 283 351
positive/20.jpg 1 96 212 172 225
positive/200.jpg 1 123 251 105 148
positive/201.jpg 5 356 39 56 79 463 27 43 91 314 1 38 58 290 22 31 62 305 39 43 67
positive/202.jpg 0
positive/203.jpg 1 303 53 144 134
positive/204.jpg 4 169 296 24 42 337 279 24 41 461 258 17 29 495 248 11 20
positive/205.jpg 10 11 232 34 41 63 231 32 40 113 233 33 37 164 232 31 37 215 231 30 36 266 231 30 37 315 230 32 36 365 229 33 36 417 230 33 35 468 228 34 37
positive/206.jpg 0
positive/207.jpg 3 451 181 40 69 393 186 37 73 254 194 42 83
positive/208.jpg 5 18 160 76 85 184 95 59 66 311 56 45 53 403 29 39 44 463 7 31 38
positive/209.jpg 4 1 240 120 187 120 101 89 104 176 38 55 74 232 16 44 57
positive/21.jpg 1 12 2 309 481
positive/210.jpg 1 111 67 65 108
positive/211.jpg 6 27 50 65 83 109 51 62 81 169 50 61 83 276 51 60 76 348 52 50 74 397 51 56 76
positive/212.jpg 7 49 218 32 44 144 215 31 46 184 217 27 42 444 215 27 37 295 214 32 42 208 219 21 37 226 218 24 37
positive/213.jpg 1 208 91 113 214
positive/214.jpg 0
positive/215.jpg 3 100 317 39 63 206 319 40 62 293 321 36 58
positive/216.jpg 2 211 151 56 96 143 111 90 161
positive/217.jpg 1 1 214 141 288
positive/218.jpg 2 233 16 88 198 140 22 104 242
positive/219.jpg 7 314 21 28 54 370 22 28 54 430 21 32 52 71 13 26 51 123 14 30 48 156 13 28 49 13 15 34 53
positive/22.jpg 1 3 30 332 446
positive/220.jpg 1 192 91 54 86
positive/221.jpg 13 87 195 32 44 116 197 30 41 143 198 29 42 169 198 30 43 197 197 29 44 224 197 31 44 254 197 28 44 281 197 27 44 307 197 29 44 336 198 28 43 362 197 28 45 389 197 26 44 414 197 29 44
positive/222.jpg 1 3 138 146 356
positive/223.jpg 2 94 58 98 171 279 46 121 254
positive/224.jpg 0
positive/225.jpg 2 179 133 59 98 251 123 52 88
positive/226.jpg 0
positive/227.jpg 1 19 27 275 469
positive/228.jpg 1 86 13 76 137
positive/229.jpg 1 221 34 168 327
positive/23.jpg 1 18 23 246 291
positive/230.jpg 1 110 85 133 234
positive/231.jpg 1 103 88 122 237
positive/232.jpg 0
positive/233.jpg 1 364 5 111 203
positive/234.jpg 0
positive/235.jpg 1 268 39 116 165
positive/236.jpg 1 26 78 196 336
positive/237.jpg 3 15 277 31 56 31 287 36 69 43 314 82 120
positive/238.jpg 3 72 37 98 168 261 23 69 144 157 10 73 145
positive/239.jpg 2 357 51 113 265 175 52 41 92
positive/24.jpg 1 36 59 276 411
positive/240.jpg 1 125 71 56 115
positive/241.jpg 2 76 39 61 93 275 162 83 120
positive/242.jpg 0
positive/243.jpg 2 206 27 109 200 269 107 129 230
positive/244.jpg 7 276 161 61 111 213 170 62 95 171 178 46 80 141 185 38 71 117 193 28 62 99 197 23 55 83 201 20 47
positive/245.jpg 7 1 276 66 84 73 282 48 75 123 289 39 66 160 298 32 57 189 303 25 49 211 308 19 42 227 310 18 38
positive/246.jpg 3 8 196 93 155 96 236 48 108 136 252 43 87
positive/247.jpg 0
positive/248.jpg 1 296 185 112 135
positive/249.jpg 6 127 258 44 62 163 233 34 49 187 213 27 42 207 200 21 36 220 190 18 32 230 180 15 30
positive/25.jpg 1 119 97 483 606
positive/250.jpg 1 193 200 265 375
positive/251.jpg 0
positive/252.jpg 1 326 212 30 54
positive/253.jpg 0
positive/254.jpg 1 355 212 27 52
positive/255.jpg 1 330 214 29 51

